# See https://data.giss.nasa.gov/modelforce/ghgases/Fig1A.ext.txt
1850  285.2
1851  285.1
1852  285
1853  285
1854  284.9
1855  285.1
1856  285.4
1857  285.6
1858  285.9
1859  286.1
1860  286.4
1861  286.6
1862  286.7
1863  286.8
1864  286.9
1865  287.1
1866  287.2
1867  287.3
1868  287.4
1869  287.5
1870  287.7
1871  287.9
1872  288
1873  288.2
1874  288.4
1875  288.6
1876  288.7
1877  288.9
1878  289.5
1879  290.1
1880  290.8
1881  291.4
1882  292
1883  292.5
1884  292.9
1885  293.3
1886  293.8
1887  294
1888  294.1
1889  294.2
1890  294.4
1891  294.6
1892  294.8
1893  294.7
1894  294.8
1895  294.8
1896  294.9
1897  294.9
1898  294.9
1899  295.3
1900  295.7
1901  296.2
1902  296.6
1903  297
1904  297.5
1905  298
1906  298.4
1907  298.8
1908  299.3
1909  299.7
1910  300.1
1911  300.6
1912  301
1913  301.3
1914  301.4
1915  301.6
1916  302
1917  302.4
1918  302.8
1919  303
1920  303.4
1921  303.7
1922  304.1
1923  304.5
1924  304.9
1925  305.3
1926  305.8
1927  306.2
1928  306.6
1929  307.2
1930  307.5
1931  308
1932  308.3
1933  308.9
1934  309.3
1935  309.7
1936  310.1
1937  310.6
1938  311
1939  311.2
1940  311.3
1941  311
1942  310.7
1943  310.5
1944  310.2
1945  310.3
1946  310.3
1947  310.4
1948  310.5
1949  310.9
1950  311.3
1951  311.8
1952  312.2
1953  312.6
1954  313.2
1955  313.7
1956  314.3
1957  314.8